1, -1.0;
2, -0.9960861056751468;
3, -0.9921722113502935;
4, -0.9882583170254403;
5, -0.9843444227005871;
6, -0.9804305283757339;
7, -0.9765166340508806;
8, -0.9726027397260274;
9, -0.9686888454011742;
10, -0.9647749510763209;
11, -0.9608610567514677;
12, -0.9569471624266145;
13, -0.9530332681017613;
14, -0.949119373776908;
15, -0.9452054794520548;
16, -0.9412915851272016;
17, -0.9373776908023483;
18, -0.9334637964774951;
19, -0.9295499021526419;
20, -0.9256360078277887;
21, -0.9217221135029354;
22, -0.9178082191780822;
23, -0.913894324853229;
24, -0.9099804305283757;
25, -0.9060665362035225;
26, -0.9021526418786693;
27, -0.898238747553816;
28, -0.8943248532289628;
29, -0.8904109589041096;
30, -0.8864970645792564;
31, -0.8825831702544031;
32, -0.8786692759295499;
33, -0.8747553816046967;
34, -0.8708414872798435;
35, -0.8669275929549902;
36, -0.863013698630137;
37, -0.8590998043052838;
38, -0.8551859099804305;
39, -0.8512720156555773;
40, -0.8473581213307241;
41, -0.8434442270058709;
42, -0.8395303326810176;
43, -0.8356164383561644;
44, -0.8317025440313112;
45, -0.8277886497064579;
46, -0.8238747553816047;
47, -0.8199608610567515;
48, -0.8160469667318982;
49, -0.812133072407045;
50, -0.8082191780821918;
51, -0.8043052837573386;
52, -0.8003913894324853;
53, -0.7964774951076321;
54, -0.7925636007827789;
55, -0.7886497064579256;
56, -0.7847358121330724;
57, -0.7808219178082192;
58, -0.776908023483366;
59, -0.7729941291585127;
60, -0.7690802348336595;
61, -0.7651663405088063;
62, -0.761252446183953;
63, -0.7573385518590998;
64, -0.7534246575342466;
65, -0.7495107632093934;
66, -0.7455968688845401;
67, -0.7416829745596869;
68, -0.7377690802348337;
69, -0.7338551859099804;
70, -0.7299412915851272;
71, -0.726027397260274;
72, -0.7221135029354208;
73, -0.7181996086105675;
74, -0.7142857142857143;
75, -0.7103718199608611;
76, -0.7064579256360078;
77, -0.7025440313111546;
78, -0.6986301369863014;
79, -0.6947162426614482;
80, -0.6908023483365949;
81, -0.6868884540117417;
82, -0.6829745596868885;
83, -0.6790606653620352;
84, -0.675146771037182;
85, -0.6712328767123288;
86, -0.6673189823874756;
87, -0.6634050880626223;
88, -0.6594911937377691;
89, -0.6555772994129159;
90, -0.6516634050880626;
91, -0.6477495107632094;
92, -0.6438356164383562;
93, -0.639921722113503;
94, -0.6360078277886497;
95, -0.6320939334637965;
96, -0.6281800391389433;
97, -0.62426614481409;
98, -0.6203522504892368;
99, -0.6164383561643836;
100, -0.6125244618395304;
101, -0.6086105675146771;
102, -0.6046966731898239;
103, -0.6007827788649707;
104, -0.5968688845401174;
105, -0.5929549902152642;
106, -0.589041095890411;
107, -0.5851272015655578;
108, -0.5812133072407045;
109, -0.5772994129158513;
110, -0.5733855185909981;
111, -0.5694716242661448;
112, -0.5655577299412916;
113, -0.5616438356164384;
114, -0.5577299412915852;
115, -0.5538160469667319;
116, -0.5499021526418787;
117, -0.5459882583170255;
118, -0.5420743639921722;
119, -0.538160469667319;
120, -0.5342465753424658;
121, -0.5303326810176126;
122, -0.5264187866927593;
123, -0.5225048923679061;
124, -0.5185909980430529;
125, -0.5146771037181996;
126, -0.5107632093933464;
127, -0.5068493150684932;
128, -0.50293542074364;
129, -0.4990215264187867;
130, -0.4951076320939335;
131, -0.49119373776908026;
132, -0.48727984344422703;
133, -0.4833659491193738;
134, -0.4794520547945206;
135, -0.47553816046966735;
136, -0.4716242661448141;
137, -0.4677103718199609;
138, -0.46379647749510766;
139, -0.45988258317025443;
140, -0.4559686888454012;
141, -0.452054794520548;
142, -0.44814090019569475;
143, -0.4442270058708415;
144, -0.4403131115459883;
145, -0.43639921722113506;
146, -0.43248532289628183;
147, -0.4285714285714286;
148, -0.4246575342465754;
149, -0.42074363992172215;
150, -0.4168297455968689;
151, -0.4129158512720157;
152, -0.40900195694716246;
153, -0.40508806262230923;
154, -0.401174168297456;
155, -0.3972602739726028;
156, -0.39334637964774954;
157, -0.3894324853228963;
158, -0.3855185909980431;
159, -0.38160469667318986;
160, -0.37769080234833663;
161, -0.3737769080234834;
162, -0.36986301369863017;
163, -0.36594911937377694;
164, -0.3620352250489237;
165, -0.3581213307240705;
166, -0.35420743639921726;
167, -0.35029354207436403;
168, -0.3463796477495108;
169, -0.34246575342465757;
170, -0.33855185909980434;
171, -0.3346379647749511;
172, -0.3307240704500979;
173, -0.32681017612524466;
174, -0.3228962818003914;
175, -0.3189823874755382;
176, -0.31506849315068497;
177, -0.31115459882583174;
178, -0.3072407045009785;
179, -0.3033268101761253;
180, -0.29941291585127205;
181, -0.2954990215264188;
182, -0.2915851272015656;
183, -0.28767123287671237;
184, -0.28375733855185914;
185, -0.2798434442270059;
186, -0.2759295499021527;
187, -0.27201565557729945;
188, -0.2681017612524462;
189, -0.264187866927593;
190, -0.26027397260273977;
191, -0.25636007827788654;
192, -0.2524461839530333;
193, -0.24853228962818008;
194, -0.24461839530332685;
195, -0.24070450097847362;
196, -0.2367906066536204;
197, -0.23287671232876717;
198, -0.22896281800391394;
199, -0.2250489236790607;
200, -0.22113502935420748;
201, -0.21722113502935425;
202, -0.21330724070450102;
203, -0.2093933463796478;
204, -0.20547945205479456;
205, -0.20156555772994134;
206, -0.1976516634050881;
207, -0.19373776908023488;
208, -0.18982387475538165;
209, -0.18590998043052842;
210, -0.1819960861056752;
211, -0.17808219178082196;
212, -0.17416829745596873;
213, -0.1702544031311155;
214, -0.16634050880626228;
215, -0.16242661448140905;
216, -0.15851272015655582;
217, -0.1545988258317026;
218, -0.15068493150684936;
219, -0.14677103718199613;
220, -0.1428571428571429;
221, -0.13894324853228968;
222, -0.13502935420743645;
223, -0.13111545988258322;
224, -0.12720156555773;
225, -0.12328767123287676;
226, -0.11937377690802353;
227, -0.1154598825831703;
228, -0.11154598825831707;
229, -0.10763209393346385;
230, -0.10371819960861062;
231, -0.09980430528375739;
232, -0.09589041095890416;
233, -0.09197651663405093;
234, -0.0880626223091977;
235, -0.08414872798434447;
236, -0.08023483365949124;
237, -0.07632093933463802;
238, -0.07240704500978479;
239, -0.06849315068493156;
240, -0.06457925636007833;
241, -0.0606653620352251;
242, -0.05675146771037187;
243, -0.052837573385518644;
244, -0.048923679060665415;
245, -0.045009784735812186;
246, -0.04109589041095896;
247, -0.03718199608610573;
248, -0.0332681017612525;
249, -0.02935420743639927;
250, -0.025440313111546042;
251, -0.021526418786692814;
252, -0.017612524461839585;
253, -0.013698630136986356;
254, -0.009784735812133127;
255, -0.005870841487279899;
256, -0.00195694716242667;
257, 0.001956947162426559;
258, 0.005870841487279677;
259, 0.009784735812133016;
260, 0.013698630136986356;
261, 0.017612524461839474;
262, 0.02152641878669259;
263, 0.02544031311154593;
264, 0.02935420743639927;
265, 0.03326810176125239;
266, 0.03718199608610551;
267, 0.041095890410958846;
268, 0.045009784735812186;
269, 0.048923679060665304;
270, 0.05283757338551842;
271, 0.05675146771037176;
272, 0.0606653620352251;
273, 0.06457925636007822;
274, 0.06849315068493134;
275, 0.07240704500978468;
276, 0.07632093933463802;
277, 0.08023483365949113;
278, 0.08414872798434425;
279, 0.08806262230919759;
280, 0.09197651663405093;
281, 0.09589041095890405;
282, 0.09980430528375717;
283, 0.1037181996086105;
284, 0.10763209393346385;
285, 0.11154598825831696;
286, 0.11545988258317008;
287, 0.11937377690802342;
288, 0.12328767123287676;
289, 0.12720156555772988;
290, 0.131115459882583;
291, 0.13502935420743634;
292, 0.13894324853228968;
293, 0.1428571428571428;
294, 0.1467710371819959;
295, 0.15068493150684925;
296, 0.1545988258317026;
297, 0.1585127201565557;
298, 0.16242661448140883;
299, 0.16634050880626217;
300, 0.1702544031311155;
301, 0.17416829745596862;
302, 0.17808219178082174;
303, 0.18199608610567508;
304, 0.18590998043052842;
305, 0.18982387475538154;
306, 0.19373776908023466;
307, 0.197651663405088;
308, 0.20156555772994134;
309, 0.20547945205479445;
310, 0.20939334637964757;
311, 0.2133072407045009;
312, 0.21722113502935425;
313, 0.22113502935420737;
314, 0.2250489236790605;
315, 0.22896281800391383;
316, 0.23287671232876717;
317, 0.23679060665362028;
318, 0.2407045009784734;
319, 0.24461839530332674;
320, 0.24853228962818008;
321, 0.2524461839530332;
322, 0.2563600782778863;
323, 0.26027397260273966;
324, 0.264187866927593;
325, 0.2681017612524461;
326, 0.27201565557729923;
327, 0.27592954990215257;
328, 0.2798434442270059;
329, 0.28375733855185903;
330, 0.28767123287671215;
331, 0.2915851272015655;
332, 0.2954990215264188;
333, 0.29941291585127194;
334, 0.30332681017612506;
335, 0.3072407045009784;
336, 0.31115459882583174;
337, 0.31506849315068486;
338, 0.318982387475538;
339, 0.3228962818003913;
340, 0.32681017612524466;
341, 0.3307240704500978;
342, 0.3346379647749509;
343, 0.33855185909980423;
344, 0.34246575342465757;
345, 0.3463796477495107;
346, 0.3502935420743638;
347, 0.35420743639921715;
348, 0.3581213307240705;
349, 0.3620352250489236;
350, 0.3659491193737767;
351, 0.36986301369863006;
352, 0.3737769080234834;
353, 0.3776908023483365;
354, 0.38160469667318964;
355, 0.385518590998043;
356, 0.3894324853228963;
357, 0.39334637964774943;
358, 0.39726027397260255;
359, 0.4011741682974559;
360, 0.40508806262230923;
361, 0.40900195694716235;
362, 0.41291585127201547;
363, 0.4168297455968688;
364, 0.42074363992172215;
365, 0.42465753424657526;
366, 0.4285714285714284;
367, 0.4324853228962817;
368, 0.43639921722113506;
369, 0.4403131115459882;
370, 0.4442270058708413;
371, 0.44814090019569464;
372, 0.452054794520548;
373, 0.4559686888454011;
374, 0.4598825831702542;
375, 0.46379647749510755;
376, 0.4677103718199609;
377, 0.471624266144814;
378, 0.4755381604696671;
379, 0.47945205479452047;
380, 0.4833659491193738;
381, 0.4872798434442269;
382, 0.49119373776908004;
383, 0.4951076320939334;
384, 0.4990215264187867;
385, 0.5029354207436398;
386, 0.506849315068493;
387, 0.5107632093933463;
388, 0.5146771037181996;
389, 0.5185909980430528;
390, 0.5225048923679059;
391, 0.5264187866927592;
392, 0.5303326810176126;
393, 0.5342465753424657;
394, 0.5381604696673188;
395, 0.5420743639921721;
396, 0.5459882583170255;
397, 0.5499021526418786;
398, 0.5538160469667317;
399, 0.557729941291585;
400, 0.5616438356164384;
401, 0.5655577299412915;
402, 0.5694716242661446;
403, 0.573385518590998;
404, 0.5772994129158513;
405, 0.5812133072407044;
406, 0.5851272015655575;
407, 0.5890410958904109;
408, 0.5929549902152642;
409, 0.5968688845401173;
410, 0.6007827788649704;
411, 0.6046966731898238;
412, 0.6086105675146771;
413, 0.6125244618395302;
414, 0.6164383561643834;
415, 0.6203522504892367;
416, 0.62426614481409;
417, 0.6281800391389432;
418, 0.6320939334637963;
419, 0.6360078277886496;
420, 0.639921722113503;
421, 0.6438356164383561;
422, 0.6477495107632092;
423, 0.6516634050880625;
424, 0.6555772994129159;
425, 0.659491193737769;
426, 0.6634050880626221;
427, 0.6673189823874754;
428, 0.6712328767123288;
429, 0.6751467710371819;
430, 0.679060665362035;
431, 0.6829745596868884;
432, 0.6868884540117417;
433, 0.6908023483365948;
434, 0.6947162426614479;
435, 0.6986301369863013;
436, 0.7025440313111546;
437, 0.7064579256360077;
438, 0.7103718199608609;
439, 0.7142857142857142;
440, 0.7181996086105675;
441, 0.7221135029354206;
442, 0.7260273972602738;
443, 0.7299412915851271;
444, 0.7338551859099804;
445, 0.7377690802348336;
446, 0.7416829745596867;
447, 0.74559686888454;
448, 0.7495107632093934;
449, 0.7534246575342465;
450, 0.7573385518590996;
451, 0.7612524461839529;
452, 0.7651663405088063;
453, 0.7690802348336594;
454, 0.7729941291585125;
455, 0.7769080234833659;
456, 0.7808219178082192;
457, 0.7847358121330723;
458, 0.7886497064579254;
459, 0.7925636007827788;
460, 0.7964774951076321;
461, 0.8003913894324852;
462, 0.8043052837573383;
463, 0.8082191780821917;
464, 0.812133072407045;
465, 0.8160469667318981;
466, 0.8199608610567513;
467, 0.8238747553816046;
468, 0.8277886497064579;
469, 0.831702544031311;
470, 0.8356164383561642;
471, 0.8395303326810175;
472, 0.8434442270058709;
473, 0.847358121330724;
474, 0.8512720156555771;
475, 0.8551859099804304;
476, 0.8590998043052838;
477, 0.8630136986301369;
478, 0.86692759295499;
479, 0.8708414872798433;
480, 0.8747553816046967;
481, 0.8786692759295498;
482, 0.8825831702544029;
483, 0.8864970645792563;
484, 0.8904109589041096;
485, 0.8943248532289627;
486, 0.8982387475538158;
487, 0.9021526418786692;
488, 0.9060665362035225;
489, 0.9099804305283756;
490, 0.9138943248532287;
491, 0.9178082191780821;
492, 0.9217221135029354;
493, 0.9256360078277885;
494, 0.9295499021526417;
495, 0.933463796477495;
496, 0.9373776908023483;
497, 0.9412915851272015;
498, 0.9452054794520546;
499, 0.9491193737769079;
500, 0.9530332681017613;
501, 0.9569471624266144;
502, 0.9608610567514675;
503, 0.9647749510763208;
504, 0.9686888454011742;
505, 0.9726027397260273;
506, 0.9765166340508804;
507, 0.9804305283757337;
508, 0.9843444227005871;
509, 0.9882583170254402;
510, 0.9921722113502933;
511, 0.9960861056751467;
512, 1.0;
